090000040600030005500000000059000001020000050700580000000005409900800000000009086
000701200006042000008050000000480000080670000003020007000000800000204700000560902
876012000090308000003567098050701426007000859029800703080009040900035087735000001
040010086030006970017050200300000000000200000060300010000000000950070000020190000
620090800000420700310800004009000000000600409543070000000060000206340190400900600
700000406000706809056002003000000280000000000000573001007320100308000070902600000
068000000402000000010000700500071000600000500200000003826700030000300827350000000
280001050005200109070300000020800070000006080800000290507008032040000005002034068
000008030800095200060000800320061000050020007000000020006410000002507000001206003
902008000300000006000340080056900000003701000090000000600019800200037000000200000
000500109000000003090000600080000004030000900010603000700402090800000062920000701
020000853809040760010005020000000000108006002672800190000010006200000000001420037
246791853003050020589403000000912000060348005000560300005070086807030000000204007
009000000710608900000197035060000003200036000300070068002040000000010687008060300
206010030019065820037000600000000170003001006760043000000657000600002054100430702
060009087008500001010286340000001850100000406680920010000195600201600534750340000
786000090000100006001072000000710000600000302000000009004087503000900008060000000
061023508020006000800090060010630000500004000280000000070010005005048700002007080
081000007706000000300000002598710000030000000004800090000001635600500080050060100
200030050430001000801000300009400000700060490000000200000170030058002006310680000
530070000600195000098000060800060003400803001700020006060000280000419005000080079
640030000500176000079000050900050004200904001300080005050000890000217006000090037
260040000300952000051000030100030006800106009400070003030000710000895002000010045
410090000600384000087000060700060001500701003900020006060000270000538004000070098
960030000200849000045000020500020006700506008300010002020000150000784009000050034
640070000300596000091000030100030004200104005700080003030000810000259006000010079
180070000600491000093000060300060008500308004700020006060000230000549001000030079
840050000600218000013000060300060004700304002500090006060000930000721008000030051
340060000200583000089000020900020004700904005600010002020000190000758003000090068
130050000200681000087000020700020003900703006500040002020000470000968001000070058