530070000600195000098000060800060003400803001700020006060000280000419005000080079
003020600900305001001806400008102900700000008006708200002609500800203009005010300
200080300060070084030500000000040010000001000050090000000007020970030040003020009
000260701680070090190004500820100040004602900050003028009300074040050036703018000
006100050005007003040900200020000090008602500010000030001008060300500100080006700
090000600007509000000803007040010000001000700000080050400701000000905300003000080
052000600600800003700046000007400120000305000036001800000180007300007005009000360
004009800200500600000700090008020040030904070040010200060007000009001008007800400
000260701680070090190004500820100040004602900050003028009300074040050036703018000
006002000200900080700000400040070000001000500000060030002000005090003008000100600
