000260701680070090190004500820100040004602900050003028009300074040050036703018000
600120384008459072000006005000264030070080006940003000310000050089700000502000190
497200000000000200010030400080060000000701000000020080001080020004000000000007945
008000530070060080900300004006001000400000007000400100700004001010090060062000700
200080300060070084030500000000040010000001000050090000000007020970030040003020009
530070000600195000098000060800060003400803001700020006060000280000419005000080079
300200000000107000706030500070009080900020004010800050009040301000702000000008006
400700000000020300008009000010000603000000000205000080000600500001090000000003002
100007090003000800000900200005002000060000050000400700009001000004000600050600004
003020600900305001001806400008102900700000008006708200002609500800203009005010300
