530070000600195000098000060800060003400803001700020006060000280000419005000080079
000260701680070090190004500820100040004602900050003028009300074040050036703018000
000000000000000000000000000000000000000000000000000000000000000000000000000000000
000000000000000000000000000000000000000000000000000000000000000000000000000000000
000000000000000000000000000000000000000000000000000000000000000000000000000000000
000000000000000000000000000000000000000000000000000000000000000000000000000000000
000000000000000000000000000000000000000000000000000000000000000000000000000000000
000000000000000000000000000000000000000000000000000000000000000000000000000000000
004300000000000000000000000000000000000000000000000000000000000000000000000000000
006100050005007003040900200020000090008602500010000030001008060300500100080006700
