000000903700030010090050820600001209800300000003000100100000000000000501036000790
500007020016000400000090070004000063900700084000000090005001030060000000090620800
800000000075000000460981075000360004004800020000019000580020000000000200000090001
004728106002006000000040000000030040048007000910005007000800000000001700007002001
000000000050090000701000000910000002000060000560009387020001000140908020800006040
070600000800000000500710000701008500045001000090030100200000041003800000000003708
000000000000042010034800506000200040005004000000009005300008400040900600067020900
624000000700006030030007000470000000060005470000090100240060000000070306010000200
060895000000607000905410007000000300000009500000300080000900100000030200300078050
100000037370000004000000009000506000065302000000170596000003900030900060010000000
030000002000100300190002000000701400400800090000024056061507000207009030000006100
534000900002090008100340507000000400406800791000024050000000000080000000005000170
000608900602000000000040507009061000020050090703004056961507080000000000040006009
034000002602005000098300000000001400406800701013024006000030000000400005045006000
034000010602105008000300560800000003020000091013000000000530084000019005000206000
500600002000000000008002000050061420426053001000000006000000004287009000045200070
034670900600000348000342000059060000000003090700000000000530000000000005000200109
030608010602105000090302067000000020020000001000000000000030000007009035300006109
500000900670000000100002060000061003026800701713900000001000200000010035000080009
504670010070105040190042067000001003006050700000904050001000080000400000040000100
060400001400000930000100086080910000005006000021003600000300075002500040090004060
000080004000010089800340010627100000500203400340060070000400900000000300000700100
052000000400007000073600000000005300096000400040830006007000829000008073008570000
000070000003801600080005192000000010000702000000000800200307580000600070000908000
090003000582000700000000000039580000000000000000149000900017005800000030470068021
023100080009000000050009273504001000298600100130000020000000710902000000010000038
900358706500000000000000005000043000305009040400182603000000000600095200000604800
010005900002080500000109630000064005900200000000800703000008002000016007003070000
400000805030000000000700000020000060000080400000010000000603070000200000000000000
100000000006005009205000004000000460000000000000004590700051003904260000500073906
