030000002000100300000002000000701400400800090000024056061507000207000030000006100
534000900002000000100340507000000400406800791000024050000030004000000000040000100
000608900602000000000040507009061000000050090703004056901507080000000000000000009
034000002602005000098000000000001400406800001003024006000030000000400005045006000
034000010602105000000300560800000003020000001013000000000530004000019005000206000
000600002000000000008002000800061420426050001000000806000000204200019000345000000
034670900600000348000042000859700020006003000000000000000007004080000030005000070
030078900002105000090302007000000020000050091700900000000000004000019600005280000
000070910600105000190040000000760003000000000000904050000000200280010030005006109
034000000070100040090040000000000003020000090010020806061507204000019005000080000
030000002000100300100002000000701400400800090000024056061507000207009030000006100
530000910602000040190342000850060000400000000000020050060000000287009030000086000
034008002600190300000042067000700000400800701000000006001000004080010030040206000
030600900602000008100340507009001000020050001000000806900530200000000030345000000
034000000072000048198002500000061000026003091000000050000030200080019000040006000
000070002000005308090042067050000000006050090003900006000000200280010000345200100
034000010602105008000000500800000000026000001710024000001000204087000600045000070
030000000000100308108000560009060000006803000010000000061530200207019005300000009
500008002670000300100000507850000400426000091700020000960007000000010600040006000
034670900600000348000342000059760000000003090700000000000530000000000005000280109
000000020000000803000800009000307001390008075000000030908200300030000004647983000
000000107100900200070300509006000900381000000000500030000103700090060000013240090
000000009000000000000090012000006308600100000932085060200000050000421000401560203
000600009008030002040900000063200084005406030000713005900020000000300007000160000
090000000260800001800106205000080150001037000750010000000000000003070600009350700
540170600160000000020600890090060004000040900000008006200490000000001500001000049
001000730000000000086320049740800000029000380000902000007000003800030600000090021
000000000070009006000000000009030800700040601601070423400003010905004367000000500
009800000380071400000409030790508310000000000400000000050720100800030600620000000
000020500530600208260100000840000000300060000000800002003200100080015720002000050
